0	27	44	17	11	27	42	0
27	0	31	27	49	0	0	0
44	31	0	19	0	27	32	0
17	27	19	0	14	0	0	0
11	49	0	14	0	13	20	0
27	0	27	0	13	0	9	21
42	0	32	0	20	9	0	13
0	0	0	0	0	21	13	0